m = 250000
Wh = 0.182
Ma = 123434
th = 0.214
D = 
rho = 1
n = 750
eta_m = 0.4
R = 1/2.953
Pyf = 60
Pyv = 180
eta_p = O.5
eta_r = 0.96
Pe = 5
kp = 3500
ki = 700
kd = 0
eta_b = 1